t_max:  100
h70:    25.2
t_gr0:   3
N_0:  5000
c1:      1.0690     # htop_, f10
c2:   1449.4523     # htop_, f10
c3:     34.2039     # htop_, f10
c4:      0.8351     # d_bt, f12, Gi f29
c6:      5.7755     # d_bt, f12, Gi f29
c7:      3.3132     # d_bt, f12, Gi f29
c8:    199.1903     # Gi, f30
c9:      0.1084     # cor S%, f15

c10:    21.8070     # Gi, f30, cor S% f15
c11:     0.3380     # Gi, f33
c12:     0.2849     # Gi, f30+33
c13:     0.0744     # Gi, f30+33

c14:     0.2197     # s%, f17
c15:    -0.0008247  # s%, f17
c24:     0.01471    # h_dom, f22
c25:     0.9647     # h_dom, f22
c32:     0.5667     # h_g/ h_at, f24
c33:     0.0002295  # h_g/ h_at, f24
c34:     1.2079     # h_g/ h_at, f24
c35:     0.001994   # h_g/ h_at, f24
c36:     0.9955     # h_g/ h_bt, f25
c40:     0.6911     # V_bt, f27
c41:     0.9497     # V_bt, f27
c42:     0.9092     # V_bt, f27
c43:     0          # V_bt, f27
c45:  5000
c46:     0.8        # h_g/ h_at, f24

c48:     1.05528    # Gi, f33
