c1: 0.0278023
c2: 3.4406073
c3: 0.0556976
c4: 1.3871659
c5: 10.5167009
c6: 0.1082885
c7: 0.6159996
c8: 0.6754177
c9: 0.1052684
c10: 0.2526945
c11: 3.5821114
c12: 0.3395238
c13: 4.557235
c14: 0.0902477
c15: 4.9884198
c16: 1.4614279
c17: 0.0663809
c18: 0.0037916
c19: -0.0353472
c20: 0.9924201
c21: -0.0089923
c22: -0.1207719
c23: -0.0030183
c24: 0.005142
c25: 1.1576993
c26: 199.8510858
c27: -0.7098732
c28: 98.7171046
c29: 1.3585339
c30: 0.0858733
c31: 0.0
c32L: 2.5633049
c32H: 8.8408020
c33: 0.266335
c34: 0.0138791
c35: 0.4464128
c36L: 0.9885108
c36H: 0.9746439
c37: 1.90053
c38: 0.80726
c39: -2.4324028
c40: 0.66426
c41: 0.0020333
c42: 0.2304051
c43: -0.007572
c44: 0.0561981
c45: 5000.0
c46: 2644.20143
c47: -0.6853324
c48: -0.1119094
c49: 0.75
c50: 7.0
c51: 0.8972909
c52: 1.1883
c53: 10.2070199
c54: 2.2541377
c55: 0.0
c56: 0.0
c57: 0.0
c58: .na.real
c59: .na.real
c60: .na.real
